0.105050902,-0.994015122,-0.029970748,0,0.164567357,0.047098229,-0.985240753,0,0.980755776,0.098568223,0.168530153,0,-5.920048183,13.64834586,5.461711787,1
0.105349042,-0.994064178,-0.027165955,0,0.15753401,0.043655712,-0.986548131,0,0.981878106,0.099652338,0.161198003,0,-5.982313525,13.61210497,5.523869522,1
0.115312263,-0.992368557,-0.043677559,0,0.155646148,0.061478694,-0.985897889,0,0.981059304,0.106887873,0.161547591,0,-6.06637722,13.64417942,5.657392688,1
0.125585323,-0.991082723,-0.044534963,0,0.154807277,0.063917392,-0.985874877,0,0.979930117,0.116917079,0.161453904,0,-6.152459837,13.52412606,5.666702197,1
0.111704125,-0.993153076,-0.034192936,0,0.16576282,0.052548178,-0.98476463,0,0.979818797,0.104334354,0.170497703,0,-5.949253586,13.61248265,5.476528585,1
0.117761596,-0.992093274,-0.043395191,0,0.152494378,0.061247469,-0.98640469,0,0.981263304,0.109543068,0.158501246,0,-6.125008165,13.60391498,5.690415003,1
0.115483421,-0.992555259,-0.038699321,0,0.156253718,0.056627394,-0.986092345,0,0.980942585,0.107830405,0.161629975,0,-6.06811731,13.59455807,5.61374673,1
0.108579308,-0.993144026,-0.043306795,0,0.157207652,0.06017087,-0.985730805,0,0.981578468,0.100221809,0.162663152,0,-6.012549654,13.72556533,5.642862756,1
0.113914017,-0.992497801,-0.044403959,0,0.163768845,0.062842504,-0.984495091,0,0.979899669,0.104875805,0.169698861,0,-5.981028919,13.68603812,5.574328087,1
0.114125629,-0.993080533,-0.027683844,0,0.161588786,0.046050333,-0.985783156,0,0.980236913,0.108029724,0.165726201,0,-6.008349761,13.51374786,5.476509666,1
0.110552529,-0.993506351,-0.026893643,0,0.16799113,0.045349705,-0.984744832,0,0.979569864,0.104348138,0.171913779,0,-5.917200323,13.56196366,5.402054068,1
0.120574831,-0.991500824,-0.048865381,0,0.155183484,0.067445225,-0.985580655,0,0.980499769,0.111253121,0.161996749,0,-6.112355944,13.626398,5.701126644,1
0.112303058,-0.993076214,-0.034462399,0,0.165604337,0.052901772,-0.984772363,0,0.979777131,0.104885825,0.170398759,0,-5.948996524,13.6130097,5.476294126,1
0.120685839,-0.991450613,-0.049604534,0,0.147567857,0.067332641,-0.986757337,0,0.981661172,0.111767602,0.154432339,0,-6.187052588,13.62194398,5.787017996,1
0.112355688,-0.992678553,-0.044333841,0,0.157097509,0.06180081,-0.985647519,0,0.981171021,0.10377837,0.162891,0,-6.033159547,13.68336163,5.646994049,1
0.117724417,-0.992614023,-0.029297849,0,0.16461728,0.048601494,-0.985159401,0,0.979306955,0.111154384,0.169123003,0,-6.002977598,13.49340721,5.450806075,1
0.115690364,-0.99254561,-0.038326915,0,0.160773283,0.056788912,-0.985356266,0,0.98018758,0.107834281,0.166144746,0,-6.028078045,13.59728601,5.560197484,1
0.118391645,-0.99220421,-0.03891304,0,0.155249992,0.057202971,-0.986217654,0,0.980755249,0.110718681,0.160812049,0,-6.099058674,13.56227165,5.630673917,1
0.117898866,-0.991977269,-0.045617497,0,0.156027661,0.063872416,-0.985685388,0,0.980691198,0.109093598,0.162306378,0,-6.08236957,13.62551885,5.669479808,1
0.11424078,-0.993155183,-0.024327496,0,0.161487036,0.042726543,-0.985949481,0,0.980240267,0.108707062,0.1652628,0,-6.006055931,13.4818748,5.453991505,1
0.115068875,-0.992846885,-0.031846762,0,0.158225433,0.049969557,-0.986137798,0,0.980675209,0.108434799,0.162843569,0,-6.043892341,13.54026074,5.545790596,1
0.110004325,-0.993153954,-0.039297239,0,0.159997937,0.056715649,-0.985486679,0,0.98096876,0.10212032,0.165141551,0,-5.993414096,13.67684076,5.581590675,1
0.118599171,-0.992090519,-0.041117365,0,0.151105411,0.058960199,-0.986757746,0,0.981377293,0.110815595,0.156902876,0,-6.138170734,13.57170638,5.690139901,1
0.116362356,-0.992677432,-0.03242404,0,0.164136841,0.051416665,-0.985096657,0,0.979550356,0.109306189,0.168917902,0,-5.996346181,13.53772747,5.476211772,1
0.118680434,-0.991798546,-0.047440485,0,0.150929099,0.065242199,-0.986389306,0,0.9813946,0.109904962,0.157434233,0,-6.138372424,13.62807732,5.73708166,1
0.114094025,-0.992288311,-0.04844029,0,0.152564837,0.065680628,-0.986108526,0,0.981685553,0.105118806,0.158882071,0,-6.092393447,13.70188098,5.730987729,1
0.115539792,-0.992334635,-0.043846645,0,0.156919076,0.061822814,-0.985674562,0,0.98082973,0.107004259,0.162859229,0,-6.067222008,13.64621203,5.648512065,1
0.108163139,-0.993528876,-0.034656991,0,0.165735774,0.052394975,-0.984777345,0,0.980220582,0.100772706,0.170330482,0,-5.92348925,13.66075343,5.484657681,1
0.110089344,-0.993563736,-0.026672815,0,0.163244497,0.04454637,-0.985579451,0,0.980424179,0.104147605,0.167097893,0,-5.966158881,13.56160229,5.454941834,1
0.111468473,-0.992615396,-0.047848253,0,0.157489992,0.065184615,-0.98536687,0,0.981209296,0.102301719,0.163593021,0,-6.026814246,13.73214004,5.670571038,1
0.114679243,-0.991697672,-0.058175584,0,0.151269084,0.075311676,-0.985619509,0,0.981817873,0.104229932,0.158649885,0,-6.107288263,13.77956781,5.814194744,1
0.112578565,-0.993057417,-0.034103272,0,0.158861163,0.051868157,-0.985937536,0,0.980861457,0.105577748,0.163597499,0,-6.022190043,13.58723759,5.551804505,1
0.114280824,-0.992450912,-0.044509336,0,0.159494043,0.062550587,-0.985215243,0,0.980561851,0.105492236,0.165438341,0,-6.022646302,13.66999507,5.619471154,1
0.112949853,-0.993106823,-0.031323624,0,0.162122987,0.04952342,-0.985527051,0,0.980284891,0.106236856,0.166599107,0,-5.987584334,13.56394557,5.493753395,1
0.10937325,-0.99336172,-0.035636859,0,0.161592201,0.053144124,-0.985425625,0,0.980777983,0.102020564,0.166332053,0,-5.969274363,13.65635169,5.535014631,1
0.113178836,-0.993040397,-0.032577931,0,0.160957605,0.050680449,-0.985659242,0,0.980450509,0.1063121,0.165573358,0,-6.002128947,13.5722206,5.520267964,1
0.111084019,-0.99283361,-0.044065451,0,0.160320894,0.06166149,-0.985137083,0,0.980794347,0.102368374,0.166021578,0,-5.994618109,13.71196195,5.608931598,1
0.117503399,-0.992372653,-0.037275589,0,0.165848612,0.056618357,-0.984524555,0,0.979125727,0.109502877,0.171236477,0,-5.984771023,13.57910483,5.493014807,1
0.11895537,-0.991722529,-0.048332662,0,0.154226681,0.066542858,-0.985792158,0,0.980848485,0.109811084,0.160865705,0,-6.109802566,13.64827591,5.703320275,1
0.10732107,-0.993683358,-0.032795915,0,0.160162094,0.049834816,-0.98583193,0,0.981239161,0.100547876,0.164498733,0,-5.971762913,13.64955895,5.52991307,1
0.11727494,-0.992041087,-0.04583743,0,0.158084959,0.064215726,-0.985335215,0,0.980436502,0.10830892,0.164357669,0,-6.062869117,13.64625724,5.64266373,1
0.112295687,-0.99287455,-0.039872382,0,0.152040002,0.056821978,-0.986739632,0,0.981974295,0.104744408,0.157337511,0,-6.083044477,13.63723989,5.671414005,1
0.116391206,-0.992664163,-0.032725307,0,0.158662479,0.0511093,-0.986009157,0,0.980448522,0.109570517,0.16344723,0,-6.052904427,13.53726618,5.547318669,1
0.11248244,-0.993239726,-0.028680086,0,0.164805676,0.047111862,-0.985200265,0,0.979891213,0.106091089,0.168990801,0,-5.967727876,13.55559498,5.447945665,1
0.108615542,-0.993499042,-0.034092788,0,0.16528735,0.051867289,-0.984880641,0,0.980246273,0.101338238,0.169846417,0,-5.929383169,13.65496358,5.485728674,1
0.108056072,-0.993496008,-0.035910549,0,0.157998929,0.052825026,-0.986025281,0,0.981509156,0.100872191,0.16267937,0,-6.004905827,13.67021385,5.580848325,1
0.115144115,-0.992546643,-0.039912324,0,0.158210758,0.057990882,-0.985700976,0,0.980668746,0.107183108,0.163708865,0,-6.050321276,13.61213042,5.60001036,1
0.112576369,-0.992469162,-0.048285858,0,0.15275617,0.065303401,-0.986103959,0,0.981831,0.103636041,0.158957408,0,-6.084271308,13.71350419,5.725606344,1
0.115901215,-0.992072186,-0.048576592,0,0.154494537,0.066316978,-0.985765437,0,0.981171925,0.106746594,0.160955952,0,-6.086343659,13.68014185,5.707790794,1
0.124505547,-0.99095992,-0.049968049,0,0.150539155,0.068642891,-0.986218088,0,0.980732549,0.115267474,0.157724689,0,-6.188401917,13.57999113,5.754123001,1
0.118396746,-0.991731444,-0.049507101,0,0.156294863,0.06784899,-0.985377304,0,0.980588663,0.108927761,0.16303563,0,-6.089568822,13.66216767,5.69442816,1
0.125384097,-0.990763312,-0.051641929,0,0.153761956,0.070830069,-0.985566011,0,0.980120446,0.11563374,0.161222668,0,-6.158593452,13.59089447,5.731487564,1
0.110067782,-0.993029402,-0.042162653,0,0.155841249,0.059138136,-0.986010236,0,0.981630576,0.10195728,0.161264145,0,-6.032247292,13.69034652,5.650708466,1
0.115830994,-0.992126395,-0.047627686,0,0.151514888,0.065038008,-0.986312981,0,0.981644752,0.107029309,0.157855337,0,-6.116315114,13.67149919,5.738197669,1
0.114367094,-0.992655408,-0.039438674,0,0.161407811,0.057738685,-0.985197322,0,0.980238586,0.106308445,0.166825742,0,-6.011651486,13.62992833,5.562266623,1
0.119844965,-0.992038324,-0.038692996,0,0.160140717,0.057780228,-0.985401642,0,0.979791884,0.111899101,0.165790398,0,-6.062806994,13.55316337,5.568903415,1
0.118264118,-0.991916083,-0.046000896,0,0.156909986,0.064411874,-0.985510206,0,0.980506428,0.109332495,0.163259152,0,-6.078450711,13.64023229,5.658219527,1
0.116405696,-0.991706582,-0.054477241,0,0.147694332,0.07152436,-0.986443435,0,0.982158897,0.106781655,0.154795284,0,-6.156641516,13.71539411,5.825698067,1
0.11214117,-0.992713933,-0.044084077,0,0.151212614,0.060895246,-0.986623796,0,0.982119699,0.103975078,0.156939733,0,-6.097674981,13.68176135,5.716271807,1
0.124028636,-0.991129233,-0.04774664,0,0.15472522,0.066846892,-0.985693461,0,0.980141318,0.114866606,0.161643617,0,-6.144849506,13.57674283,5.693082227,1
0.119164667,-0.991908276,-0.043792179,0,0.159238205,0.062628658,-0.985251666,0,0.980021926,0.110433799,0.165412816,0,-6.058183977,13.61207979,5.617507202,1
0.110688988,-0.99342007,-0.029402594,0,0.163295428,0.047361124,-0.985439763,0,0.980348178,0.104276021,0.167463311,0,-5.96412659,13.58276812,5.473885744,1
0.111180675,-0.993386451,-0.028674324,0,0.163695866,0.046764829,-0.985401803,0,0.98022575,0.104863769,0.167812601,0,-5.96710273,13.57019702,5.464158524,1
0.10887667,-0.993814554,-0.02187469,0,0.168527303,0.040140911,-0.98487931,0,0.979665463,0.103543897,0.171855295,0,-5.900253621,13.53638617,5.358185109,1
0.113563132,-0.993201439,-0.025579623,0,0.169156786,0.044698921,-0.984575029,0,0.979024717,0.107484457,0.173082913,0,-5.924984162,13.52024237,5.377851083,1
0.112241554,-0.993338908,-0.026070049,0,0.16284084,0.044268558,-0.985658742,0,0.980247262,0.1063866,0.166724913,0,-5.984291533,13.53169767,5.452263562,1
0.119274896,-0.991963929,-0.04220264,0,0.160724748,0.061236255,-0.9850978,0,0.979765816,0.110714429,0.166737101,0,-6.04601867,13.59683609,5.589518197,1
0.111916574,-0.993226237,-0.031246168,0,0.157806888,0.048808764,-0.986262993,0,0.981107368,0.105448314,0.162200451,0,-6.030890934,13.57604902,5.54830178,1
0.116409551,-0.992660891,-0.032759293,0,0.16517545,0.051873302,-0.984899097,0,0.979370148,0.109240631,0.170001757,0,-5.986927153,13.54963899,5.47074881,1
0.121718011,-0.991352919,-0.049031779,0,0.150551437,0.067267069,-0.986311009,0,0.981080522,0.112670009,0.15743722,0,-6.163882469,13.61086979,5.751345302,1
0.128639752,-0.989913464,-0.059356107,0,0.14588922,0.078092656,-0.986213908,0,0.980901702,0.118206896,0.154463523,0,-6.258137964,13.62704881,5.869478829,1
0.147364239,-0.988385449,-0.037121218,0,0.13953995,0.057931124,-0.988520403,0,0.979189657,0.140492664,0.146456232,0,-6.4613148,13.21781924,5.747536251,1
0.192522452,-0.980988249,-0.024436882,0,0.118435635,0.047949707,-0.99180332,0,0.974119144,0.188050209,0.125415361,0,-6.962132841,12.56740658,5.845767109,1
0.26642684,-0.963285981,-0.033118841,0,0.09350449,0.060029794,-0.993807494,0,0.959308944,0.26168023,0.106065112,0,-7.613677618,11.71847337,6.105125216,1
0.309059335,-0.949958578,-0.045398544,0,0.078236062,0.072969055,-0.994260849,0,0.947819311,0.303733794,0.096872786,0,-8.015423089,11.34497809,6.285672662,1
0.395402352,-0.91460138,-0.084624435,0,0.04284985,0.110399871,-0.992963121,0,0.917507967,0.388993809,0.0828429,0,-8.67968887,10.43853951,6.771974263,1
0.430087499,-0.89530114,-0.116019875,0,0.011909505,0.134128434,-0.990892389,0,0.90270865,0.42478869,0.068349556,0,-9.064927367,10.1753997,7.201810874,1
0.472703852,-0.86778338,-0.153307119,0,-0.023857928,0.161304722,-0.98661623,0,0.88089833,0.470034883,0.05554585,0,-9.478098539,9.734368255,7.675823905,1
0.517146674,-0.841437957,-0.156657213,0,-0.040354694,0.158858222,-0.986476337,0,0.85494492,0.516474811,0.04819703,0,-9.714284521,9.081376808,7.748014793,1
0.558317872,-0.815464114,-0.152641515,0,-0.056651185,0.146084689,-0.987648676,0,0.827690641,0.56006923,0.035364684,0,-9.889555946,8.373974969,7.80107554,1
0.611759268,-0.779377146,-0.135358272,0,-0.07745847,0.1112716,-0.990766782,0,0.787242519,0.616595406,0.007702072,0,-10.02721131,7.233756657,7.895589003,1
0.63557322,-0.758492141,-0.144001228,0,-0.11465195,0.091722592,-0.989162219,0,0.763479935,0.645195039,-0.02866618,0,-10.28430544,6.703119597,8.315605183,1
0.65950057,-0.742249353,-0.118848207,0,-0.12101123,0.051210197,-0.991329309,0,0.741899778,0.668164212,-0.056047353,0,-10.29350031,6.10774579,8.325759434,1
0.690420026,-0.708430437,-0.146446247,0,-0.175609167,0.032252973,-0.983931485,0,0.701770339,0.705043305,-0.10213878,0,-10.50199726,5.356901377,9.056315413,1
0.708364258,-0.692376675,-0.137239272,0,-0.179741231,0.011082624,-0.983651496,0,0.682578323,0.721451118,-0.116598101,0,-10.47512777,4.992460722,9.044084681,1
0.726183002,-0.677977212,-0.114040116,0,-0.177441953,-0.024572917,-0.983824438,0,0.664208251,0.734672085,-0.138146035,0,-10.40195432,4.574637882,9.010826999,1
0.751893855,-0.636607208,-0.171426061,0,-0.249006062,-0.03345666,-0.967923878,0,0.610451974,0.770462144,-0.183674911,0,-10.50103392,3.850148029,10.0847359,1
0.771475845,-0.619616131,-0.144571338,0,-0.242360829,-0.076089765,-0.967197796,0,0.588290957,0.781208166,-0.208872095,0,-10.36107528,3.370448801,10.08948302,1
0.77961566,-0.609893913,-0.142228119,0,-0.241434308,-0.083150469,-0.966848217,0,0.577848508,0.788108758,-0.212074722,0,-10.31148485,3.260166752,10.03460655,1
0.797111019,-0.587909753,-0.137753933,0,-0.243872283,-0.104743946,-0.964134335,0,0.552395088,0.802116468,-0.226867448,0,-10.17430806,2.856882641,10.12686328,1
0.817113192,-0.563201847,-0.123002889,0,-0.23799076,-0.135227307,-0.961807659,0,0.525058501,0.815179278,-0.244532852,0,-9.96607654,2.35972902,10.18859074,1
0.835597122,-0.535656821,-0.121857375,0,-0.239042783,-0.154824185,-0.958586469,0,0.494606912,0.830121221,-0.257415541,0,-9.745246747,1.912327504,10.31089584,1
0.85145926,-0.517679577,-0.083815185,0,-0.196128771,-0.166118719,-0.966404717,0,0.486364713,0.839292814,-0.242975181,0,-9.450919811,1.669297809,9.711379704,1
0.859222372,-0.501296251,-0.102171342,0,-0.215946679,-0.174324934,-0.960717362,0,0.463793,0.847533413,-0.258037144,0,-9.367485678,1.471700748,10.07758186,1
0.869022707,-0.487144112,-0.086545645,0,-0.19602925,-0.178393977,-0.964234475,0,0.454281925,0.854907131,-0.250522912,0,-9.186568356,1.332755646,9.809534536,1
0.884921116,-0.460617113,-0.068894804,0,-0.166396443,-0.174517683,-0.970492557,0,0.435002118,0.870273206,-0.231079432,0,-8.835237658,1.045752687,9.360382554,1
0.89273074,-0.448191778,-0.04643227,0,-0.139836382,-0.177615717,-0.974114184,0,0.428342868,0.876114597,-0.221236527,0,-8.59377007,0.936121325,9.021947377,1
0.89806388,-0.437960985,-0.040883281,0,-0.126464254,-0.168061129,-0.977630937,0,0.421293318,0.883145307,-0.206316039,0,-8.440232821,0.940503586,8.771863758,1
0.904043796,-0.42589455,-0.036313195,0,-0.107750775,-0.144859646,-0.983567717,0,0.413635813,0.893101067,-0.176849932,0,-8.221230277,0.980241893,8.337111719,1
0.903523269,-0.427923276,-0.022964564,0,-0.093399912,-0.144339808,-0.985110388,0,0.418236964,0.892215047,-0.170382372,0,-8.140367441,1.099713609,8.156007071,1
0.90596072,-0.423048129,0.016292794,0,-0.050338095,-0.145851079,-0.98802507,0,0.420358479,0.894291755,-0.153430785,0,-7.826842923,1.104930749,7.61794756,1
0.908705215,-0.416789435,0.023268009,0,-0.038678486,-0.139566962,-0.989456941,0,0.415642644,0.89822471,-0.14294601,0,-7.664904573,1.121126842,7.436094288,1
0.904465809,-0.425428479,0.030857895,0,-0.024142283,-0.123285806,-0.992077497,0,0.425862361,0.896555196,-0.121778611,0,-7.614245878,1.41903024,7.11177309,1
0.902459778,-0.427572977,0.052418501,0,-0.003572244,-0.129108377,-0.991624055,0,0.430759316,0.894713572,-0.118042512,0,-7.457049699,1.480403526,6.910151767,1
0.89793827,-0.435064088,0.066528964,0,0.016588625,-0.117597756,-0.992922749,0,0.439808687,0.892686959,-0.098378411,0,-7.339636445,1.717493947,6.555554898,1
0.895307179,-0.441121908,0.061939629,0,0.010167705,-0.118776053,-0.992869008,0,0.445333216,0.889552534,-0.101855855,0,-7.391563663,1.862407159,6.64407359,1
0.888766491,-0.456276378,0.043657655,0,-0.009382365,-0.113337332,-0.993512265,0,0.45826422,0.882590798,-0.105011374,0,-7.605466869,2.148432605,6.856095621,1
0.869445554,-0.488975199,0.070481795,0,0.020747012,-0.10640218,-0.994106703,0,0.49359294,0.86578394,-0.082366128,0,-7.582623346,2.699361614,6.368244291,1
0.862058795,-0.5023855,0.066809001,0,0.01366999,-0.108725922,-0.993977769,0,0.506623889,0.857780557,-0.086860532,0,-7.656394601,2.902232039,6.479087561,1
0.852472447,-0.517133941,0.076571629,0,0.02345482,-0.108490055,-0.993820798,0,0.522245726,0.849000822,-0.080355499,0,-7.635662935,3.141280597,6.335963645,1
0.843673521,-0.532925557,0.064848594,0,0.014249728,-0.098521018,-0.995032941,0,0.536667434,0.84040702,-0.07552553,0,-7.752413806,3.457582132,6.374038,1
0.840924441,-0.533509957,0.090626761,0,0.035347206,-0.112960175,-0.992970581,0,0.539996907,0.838216633,-0.076132886,0,-7.539342262,3.384985277,6.200718647,1
0.822941879,-0.563453927,0.0727072,0,0.020650352,-0.098226269,-0.994949829,0,0.567750145,0.820287311,-0.069198988,0,-7.79737431,3.974956979,6.256019768,1
0.824700819,-0.560275894,0.07719768,0,0.017033126,-0.111828752,-0.993581503,0,0.565312685,0.820722397,-0.082682013,0,-7.757474714,3.847471545,6.409532966,1
0.819326483,-0.566463361,0.088449847,0,0.024301464,-0.119823186,-0.99249778,0,0.57281197,0.815329176,-0.084408421,0,-7.703387004,3.909945576,6.357144563,1
0.820401997,-0.568588453,0.060396468,0,0.000218834,-0.105315298,-0.994438857,0,0.571787124,0.815852841,-0.086276455,0,-7.840159881,4.019859442,6.616418291,1
0.808563527,-0.580090448,0.098590541,0,0.037963047,-0.115775858,-0.992549625,0,0.587182961,0.806282223,-0.071590135,0,-7.607544935,4.164238657,6.14365656,1
0.812615252,-0.575989996,0.088836795,0,0.02958151,-0.111470057,-0.993327419,0,0.582049299,0.809820937,-0.073543614,0,-7.591317556,4.126529358,6.260405121,1
0.808601575,-0.580808164,0.093943436,0,0.032908973,-0.114773114,-0.992846479,0,0.587435522,0.805908809,-0.073691921,0,-7.569170685,4.194568824,6.232567,1
0.809524681,-0.581303193,0.082197258,0,0.021139515,-0.111056253,-0.993589266,0,0.586705132,0.806072643,-0.07761431,0,-7.618735722,4.22274294,6.384032632,1
0.812437642,-0.579719614,0.06221131,0,0.000458519,-0.106064834,-0.994359111,0,0.583047912,0.807883296,-0.085905252,0,-7.725144183,4.228330905,6.651410607,1
0.803033584,-0.589105657,0.089953254,0,0.024222997,-0.118553291,-0.992652187,0,0.595441273,0.799311981,-0.08093237,0,-7.591937711,4.326437798,6.382804829,1
0.807508411,-0.584223508,0.081320719,0,0.011451767,-0.122311701,-0.992425667,0,0.58974488,0.802323339,-0.092077336,0,-7.620805199,4.211292364,6.597536031,1
0.801303163,-0.593631819,0.07425971,0,0.007379922,-0.114308843,-0.99341785,0,0.598212987,0.796576896,-0.087215081,0,-7.687288061,4.431624715,6.597001099,1
0.805753778,-0.588309742,0.068209214,0,-0.004952802,-0.121858898,-0.992535077,0,0.592229955,0.799401061,-0.101102049,0,-7.717007247,4.293260421,6.83619181,1
0.801082814,-0.593238547,0.07958864,0,0.011202396,-0.118085244,-0.992940271,0,0.598448687,0.79631897,-0.087950366,0,-7.60103834,4.399560869,6.577544359,1
0.797638074,-0.59956579,0.065531423,0,-0.006403301,-0.117063092,-0.993103837,0,0.603102397,0.791717814,-0.09721318,0,-7.744678282,4.514481322,6.817598648,1
0.798368865,-0.599270198,0.059011735,0,-0.013111848,-0.115275747,-0.993246989,0,0.602025942,0.792203719,-0.099890107,0,-7.769877347,4.523938006,6.906256397,1
0.799754531,-0.59640014,0.068553356,0,-0.006520485,-0.122816346,-0.992407995,0,0.60029174,0.793235789,-0.102111747,0,-7.680537378,4.436066246,6.868012481,1
0.805009564,-0.591610341,0.044235804,0,-0.029600801,-0.114524984,-0.992979265,0,0.592522906,0.79804839,-0.109705847,0,-7.790851048,4.384678501,7.162284061,1
0.803854515,-0.59251859,0.052341565,0,-0.028475783,-0.126227086,-0.991592584,0,0.594143963,0.795605709,-0.118340644,0,-7.762022183,4.331864655,7.21482251,1
0.804516864,-0.591384058,0.054931881,0,-0.026661735,-0.128355876,-0.99136972,0,0.593331077,0.796109079,-0.119031792,0,-7.727260355,4.289533468,7.213352642,1
0.800784427,-0.597759394,0.037789012,0,-0.047686175,-0.12651972,-0.990817233,0,0.597051364,0.791628996,-0.12981988,0,-7.90031392,4.417878153,7.496042196,1
0.802058941,-0.594005863,0.062116749,0,-0.029264173,-0.142967211,-0.98929469,0,0.596527504,0.791654856,-0.13205122,0,-7.744092783,4.249517477,7.331578032,1
0.800484783,-0.595330453,0.069323615,0,-0.019044701,-0.140870694,-0.989844809,0,0.599050425,0.79103546,-0.124102738,0,-7.671308088,4.279743885,7.175706016,1
0.805538892,-0.586921245,0.081428162,0,-0.009585293,-0.150310768,-0.98859233,0,0.592465371,0.795569057,-0.126706982,0,-7.537404489,4.078949075,7.121253749,1
0.81787737,-0.571934077,0.06299221,0,-0.027502499,-0.148209564,-0.988573486,0,0.574734912,0.80679944,-0.136946865,0,-7.546447116,3.815753576,7.404470322,1
0.813416884,-0.575931389,0.081584366,0,-0.014635479,-0.160475556,-0.986931304,0,0.581497013,0.801592559,-0.138962558,0,-7.486595543,3.819544123,7.292114701,1
0.811812926,-0.57737234,0.087183445,0,-0.01028191,-0.163419207,-0.98650314,0,0.583827076,0.799959589,-0.138602315,0,-7.457262094,3.811310467,7.243748233,1
0.812957631,-0.576342706,0.08324047,0,-0.014815061,-0.163369615,-0.98645369,0,0.582134353,0.800711842,-0.141351128,0,-7.4709353,3.790260521,7.314074078,1
0.813758408,-0.573141706,0.096466775,0,-0.007111882,-0.175784681,-0.98440295,0,0.581159767,0.800380117,-0.147122378,0,-7.393384308,3.658623234,7.296476163,1
0.818091892,-0.566160351,0.100936189,0,-0.001138428,-0.177108472,-0.984190679,0,0.575086394,0.805043506,-0.145535538,0,-7.306542056,3.530025379,7.245301201,1
0.818991813,-0.566696836,0.090039473,0,-0.01572753,-0.179027299,-0.98371839,0,0.573589623,0.804241209,-0.155534633,0,-7.392370045,3.52325937,7.472346654,1
0.819274998,-0.563040707,0.108506406,0,0.005779114,-0.181115472,-0.983444857,0,0.573371677,0.806338854,-0.145129502,0,-7.216619906,3.442764041,7.192190679,1
0.815211237,-0.565358847,0.125698103,0,0.020533383,-0.188684163,-0.981823134,0,0.578799636,0.802974259,-0.142208721,0,-7.139991983,3.440603119,7.035001033,1
0.822143491,-0.555340237,0.125209028,0,0.020163041,-0.191398638,-0.98130526,0,0.568923133,0.809298327,-0.146159797,0,-7.070964185,3.253191092,7.100825653,1
0.820498151,-0.561129164,0.109164307,0,0.006761215,-0.181424556,-0.983381623,0,0.571609194,0.807600887,-0.145064598,0,-7.19074611,3.392256945,7.205353924,1
0.818439515,-0.561036072,0.124077739,0,0.022871589,-0.183959941,-0.982667609,0,0.57413731,0.807091857,-0.137728299,0,-7.072242097,3.374040145,7.00405964,1
0.826943566,-0.549991216,0.116935884,0,0.01729527,-0.182987376,-0.982963119,0,0.562018871,0.814877465,-0.141807986,0,-7.040152799,3.177912522,7.122097332,1
0.826293082,-0.549427394,0.123972902,0,0.024946313,-0.184190972,-0.982573848,0,0.562687678,0.814986641,-0.138489538,0,-6.977215523,3.159657923,7.03561825,1
0.830786896,-0.541113507,0.130343033,0,0.033739485,-0.184790127,-0.982198685,0,0.555567081,0.820395503,-0.135264325,0,-6.855155163,3.013592671,6.95332078,1
0.829021268,-0.54777024,0.112567764,0,0.014768055,-0.179780061,-0.983595971,0,0.55902204,0.817084386,-0.140951993,0,-7.026590258,3.144455206,7.17519024,1
0.832174324,-0.543687884,0.109038436,0,0.019409817,-0.167957171,-0.98560319,0,0.554174299,0.822310084,-0.129216763,0,-6.950889688,3.124055549,7.050657327,1
0.836304478,-0.533359706,0.126973401,0,0.033329344,-0.181705615,-0.982787985,0,0.547251291,0.826141933,-0.13418469,0,-6.795767516,2.881731162,6.996207564,1
0.834157714,-0.539949316,0.112408379,0,0.019968999,-0.17411151,-0.984523449,0,0.551164355,0.823492513,-0.134454212,0,-6.933994544,3.024064126,7.112443464,1
0.835695772,-0.538414075,0.108272159,0,0.020056932,-0.1670951,-0.985736753,0,0.54882629,0.825947644,-0.128841734,0,-6.908447622,3.028948615,7.071093316,1
0.8368582,-0.533929603,0.120778859,0,0.033299155,-0.170573411,-0.984782147,0,0.546406003,0.828144849,-0.124966353,0,-6.788852832,2.922889846,6.943991766,1
0.83562333,-0.539819319,0.101630472,0,0.01871312,-0.156934062,-0.98743178,0,0.548984033,0.827022855,-0.12103606,0,-6.926396623,3.089745655,7.04349286,1
0.839473449,-0.535064529,0.09481708,0,0.018290222,-0.146567242,-0.989031603,0,0.543092807,0.831999996,-0.113252859,0,-6.88817232,3.064761088,7.002583127,1
0.842895706,-0.534684059,0.060330638,0,-0.015282219,-0.135866049,-0.990609343,0,0.53785991,0.834058375,-0.122692068,0,-7.106994262,3.102541592,7.4040967,1
0.842836151,-0.534347229,0.064033278,0,-0.0086461,-0.132412544,-0.991156982,0,0.538100797,0.834829298,-0.116222099,0,-7.05634929,3.114816098,7.296221656,1
0.84404141,-0.530227262,0.08033149,0,0.008464342,-0.136604215,-0.990589543,0,0.536211201,0.836778548,-0.11081159,0,-6.906428692,3.013703865,7.114634509,1
0.845057719,-0.530995014,0.062623858,0,-0.006091023,-0.126678115,-0.991925176,0,0.534640394,0.837852583,-0.110284622,0,-7.004975778,3.075500272,7.247653351,1
0.843020844,-0.535204279,0.053593243,0,-0.01229828,-0.118790884,-0.992843129,0,0.53774028,0.836328348,-0.106725284,0,-7.075858905,3.18068168,7.27850378,1
0.843470899,-0.531371594,0.07874689,0,0.014052271,-0.124717872,-0.992092731,0,0.53699104,0.83790792,-0.097728918,0,-6.861950367,3.071303581,6.972905334,1
0.842929372,-0.531385102,0.084261186,0,0.019679985,-0.126055036,-0.991828022,0,0.537664182,0.837699231,-0.095797841,0,-6.825934838,3.060444544,6.914542909,1
0.851256166,-0.523896054,0.029930988,0,-0.030994321,-0.10713644,-0.993761106,0,0.523834221,0.845017578,-0.107438358,0,-7.095389109,3.030218599,7.50956054,1
0.847129361,-0.523899628,0.088887711,0,0.026516293,-0.125390296,-0.991753074,0,0.530724723,0.84250012,-0.092329925,0,-6.705680135,2.910345679,6.856763102,1
0.848802899,-0.526584499,0.047354033,0,-0.010884005,-0.106949569,-0.994204872,0,0.528597368,0.843368576,-0.096510452,0,-6.980164433,3.058359965,7.244634166,1
0.846060655,-0.531033696,0.046739501,0,-0.011552003,-0.105920084,-0.994307541,0,0.532961461,0.840704555,-0.095749319,0,-7.007612635,3.127621517,7.244005891,1
0.84459401,-0.534068878,0.037833741,0,-0.017900561,-0.098791153,-0.994947174,0,0.535107959,0.839649178,-0.092998548,0,-7.066198617,3.215083642,7.288632311,1
0.84540111,-0.531078242,0.057033884,0,0.001622914,-0.104224152,-0.994552509,0,0.534129506,0.840888356,-0.08724932,0,-6.901879239,3.113347921,7.065378826,1
0.839836752,-0.539037852,0.064128184,0,0.011022717,-0.101176404,-0.994807436,0,0.542727123,0.836182713,-0.079030001,0,-6.884104446,3.247581912,6.912751269,1
0.838667162,-0.540155643,0.069780178,0,0.0167997,-0.102403966,-0.994601025,0,0.544385123,0.835311504,-0.076808391,0,-6.838344421,3.243585314,6.851647486,1
0.840847265,-0.538459519,0.055111004,0,0.002373022,-0.098149266,-0.995168875,0,0.541267259,0.836915807,-0.081250766,0,-6.914959452,3.230650319,7.028287927,1
0.841074684,-0.536863085,0.066116592,0,0.015843791,-0.09772689,-0.995087147,0,0.540686924,0.837990145,-0.073689667,0,-6.799997574,3.190797173,6.853394682,1
0.83775535,-0.543075219,0.056879522,0,0.001037522,-0.102582901,-0.994723917,0,0.546044776,0.833394297,-0.085375922,0,-6.942845762,3.255376649,7.08170908,1
0.8446375,-0.533455072,0.044868473,0,-0.006488948,-0.094009089,-0.995550192,0,0.535299343,0.840587876,-0.082865164,0,-6.915430825,3.127680696,7.150370336,1
0.839198153,-0.542120479,0.043033078,0,-0.008831269,-0.092704966,-0.995654457,0,0.543754051,0.835171345,-0.082585448,0,-6.971556302,3.264547605,7.173278743,1
0.840578393,-0.539765749,0.045616901,0,-0.00532187,-0.092437124,-0.995704301,0,0.541663773,0.836724754,-0.080573213,0,-6.923469339,3.218510407,7.129099524,1
0.835900621,-0.545203452,0.06342986,0,0.012105398,-0.097222046,-0.995189094,0,0.54874731,0.832647026,-0.074668064,0,-6.8266128,3.251108237,6.917605431,1
0.838607346,-0.540345845,0.069022365,0,0.01647729,-0.101487947,-0.994700304,0,0.544487114,0.835300284,-0.076205103,0,-6.751145551,3.131700204,6.900381485,1
0.836122517,-0.543276867,0.075824676,0,0.022015454,-0.104882756,-0.99424088,0,0.548100771,0.832976502,-0.075734347,0,-6.720617958,3.147764414,6.846585182,1
0.830868262,-0.55233571,0.067699296,0,0.015205217,-0.099078855,-0.994963407,0,0.556261389,0.827712899,-0.073923092,0,-6.814442876,3.317866701,6.893803767,1
0.835948878,-0.543489916,0.076211448,0,0.024306957,-0.102065262,-0.994480696,0,0.548268771,0.83318749,-0.072110755,0,-6.673849515,3.139557716,6.808960675,1
0.824454121,-0.560946248,0.074931367,0,0.024139726,-0.097426205,-0.994949953,0,0.565413721,0.822099411,-0.066782347,0,-6.780303524,3.44438264,6.756471155,1
0.824035241,-0.561117981,0.078182686,0,0.031541278,-0.092348494,-0.995227061,0,0.565659853,0.822568153,-0.058400035,0,-6.70470633,3.458961267,6.625141052,1
0.81832853,-0.569479637,0.077661833,0,0.029552292,-0.093253315,-0.995203739,0,0.573990487,0.816698697,-0.05948242,0,-6.769129928,3.583694457,6.645612354,1
0.825775653,-0.558704721,0.077094788,0,0.030175806,-0.092730378,-0.995233891,0,0.563190902,0.824166313,-0.059715123,0,-6.670700615,3.386236712,6.660531236,1
0.820920753,-0.567371962,0.064638793,0,0.011569223,-0.096646374,-0.995251542,0,0.570924925,0.817770466,-0.072774962,0,-6.849304435,3.488528361,6.933139853,1
0.821510754,-0.56394993,0.084146054,0,0.03096258,-0.103235762,-0.994174882,0,0.569351737,0.819330735,-0.067347944,0,-6.681798256,3.379419628,6.71781779,1
0.816477608,-0.573184193,0.069456439,0,0.017275445,-0.095990573,-0.995232319,0,0.577118597,0.813784794,-0.068472141,0,-6.819093334,3.558318089,6.847719022,1
0.8135404,-0.575063861,0.086334077,0,0.032587246,-0.103147565,-0.99413211,0,0.580594599,0.811580024,-0.065174964,0,-6.703848785,3.539255445,6.680167157,1
0.812569141,-0.576659008,0.084827944,0,0.037545531,-0.093449208,-0.994915865,0,0.5816543,0.81162284,-0.054282974,0,-6.65135496,3.611942154,6.552583203,1
0.804847326,-0.585829193,0.094999676,0,0.044509494,-0.100037949,-0.993987582,0,0.591810516,0.804236635,-0.054440315,0,-6.649160737,3.708431588,6.483630406,1
0.814535988,-0.57744061,0.055618943,0,0.0067916,-0.086377327,-0.996239344,0,0.58007327,0.81185054,-0.066435696,0,-6.853224705,3.636064055,6.945997631,1
0.802194261,-0.59248602,0.0737881,0,0.02371862,-0.091864281,-0.995489016,0,0.596591816,0.800325727,-0.059640048,0,-6.813006539,3.845301274,6.718889806,1
0.802808733,-0.588737493,0.094267187,0,0.040762791,-0.103538581,-0.993789795,0,0.594841603,0.80166572,-0.059123094,0,-6.651606784,3.687738588,6.554993537,1
0.799771248,-0.595683969,0.074340842,0,0.024523578,-0.091314443,-0.995520099,0,0.599803756,0.798011455,-0.058422364,0,-6.807742729,3.884151968,6.704644904,1
0.806040545,-0.585140365,0.088934772,0,0.041708723,-0.093732342,-0.994723394,0,0.590388874,0.805496742,-0.05114661,0,-6.586153056,3.666360269,6.500323466,1
0.798227457,-0.599063499,0.062895552,0,0.013795027,-0.086207601,-0.996181684,0,0.60219816,0.796047218,-0.060549177,0,-6.866088975,3.934038042,6.829016904,1
0.802268551,-0.589911112,0.091487993,0,0.038124707,-0.102311656,-0.994021545,0,0.595744643,0.800960177,-0.059591236,0,-6.614202983,3.670766625,6.600772781,1
0.787552696,-0.610960029,0.080551813,0,0.027023796,-0.096348108,-0.994980782,0,0.615654502,0.785776613,-0.059368752,0,-6.810476121,4.059895796,6.685774033,1
0.791087702,-0.607086795,0.075005803,0,0.024796394,-0.090691197,-0.995570312,0,0.611199956,0.789443304,-0.056691127,0,-6.780060531,4.009989727,6.691259444,1
0.793357429,-0.6041697,0.074585273,0,0.02989432,-0.083706907,-0.996041908,0,0.608021643,0.792446924,-0.048348254,0,-6.709917969,3.980990806,6.594471569,1
0.789020263,-0.609593381,0.076439094,0,0.028538083,-0.087918794,-0.995718767,0,0.613704002,0.787823709,-0.051973084,0,-6.733580143,4.040347442,6.625432853,1
0.784982095,-0.612721948,0.091514618,0,0.04066467,-0.096440092,-0.994507764,0,0.618182412,0.7843922,-0.050787609,0,-6.647423729,4.021268107,6.499200306,1
0.784437479,-0.615900154,0.072971519,0,0.024005144,-0.087417616,-0.99588248,0,0.619743168,0.782959233,-0.053788882,0,-6.770332752,4.12084061,6.681591848,1
0.779781832,-0.622644344,0.065225113,0,0.018354187,-0.08140339,-0.996512224,0,0.625782245,0.778259281,-0.052048754,0,-6.838351428,4.274434128,6.729226804,1
0.782526261,-0.620040881,0.056585837,0,0.01324678,-0.074283117,-0.997149207,0,0.622476645,0.781045021,-0.049914945,0,-6.831410426,4.256068991,6.770640606,1
0.785038993,-0.615344024,0.071172407,0,0.028256076,-0.079204768,-0.996457826,0,0.618801563,0.784269301,-0.044791624,0,-6.67852939,4.11695232,6.594078398,1
0.780652362,-0.621298633,0.06760102,0,0.017546219,-0.086336353,-0.996111522,0,0.624719153,0.778802955,-0.056497235,0,-6.77851882,4.170471667,6.776250435,1
0.769338405,-0.632311615,0.091106753,0,0.048784419,-0.084046865,-0.995266901,0,0.636976059,0.77014164,-0.033813526,0,-6.582758758,4.36989491,6.308502649,1
0.775611113,-0.627704666,0.066439857,0,0.023369789,-0.076629086,-0.996785752,0,0.630778293,0.774670792,-0.044765045,0,-6.738221868,4.314924802,6.643301975,1
0.776433255,-0.626470368,0.068456397,0,0.020153127,-0.083888387,-0.996271344,0,0.629877172,0.774917813,-0.052508397,0,-6.741767042,4.227432661,6.730796099,1
0.771279292,-0.630706226,0.085661601,0,0.036259731,-0.090826115,-0.995206435,0,0.635463205,0.770688181,-0.047183063,0,-6.622318045,4.244599071,6.530531414,1
0.776941186,-0.627302605,0.053421299,0,0.009383779,-0.073305241,-0.997265404,0,0.629503247,0.77531786,-0.051067392,0,-6.782867919,4.274158081,6.825787289,1
0.76544793,-0.637109746,0.090446879,0,0.041983888,-0.090811051,-0.994982767,0,0.642126794,0.765404811,-0.042762786,0,-6.579252647,4.333466432,6.445967095,1
0.765165258,-0.63945794,0.074937773,0,0.03092882,-0.079751074,-0.996334871,0,0.643090612,0.764678566,-0.041245071,0,-6.651553877,4.431982721,6.546306364,1
0.760743851,-0.643328381,0.086008063,0,0.036327769,-0.090101884,-0.995269784,0,0.648034788,0.76026985,-0.045173769,0,-6.607451825,4.422507417,6.511671044,1
0.761074295,-0.642977476,0.085708123,0,0.039363209,-0.086106895,-0.995507981,0,0.647469269,0.761029282,-0.040224088,0,-6.57623051,4.43174101,6.452588941,1
0.757929437,-0.648763533,0.068182452,0,0.028632303,-0.071334869,-0.997041387,0,0.65170788,0.757639237,-0.035491203,0,-6.6598297,4.613031335,6.523416592,1
0.752269355,-0.651819391,0.096032807,0,0.049472168,-0.089462318,-0.994760774,0,0.656995679,0.753078997,-0.035052842,0,-6.504465486,4.541026555,6.305441895,1
0.743262265,-0.663511072,0.085523465,0,0.039988319,-0.083546474,-0.995701221,0,0.667803968,0.743487084,-0.035564249,0,-6.630421509,4.78855529,6.391672119,1
0.747784575,-0.657604467,0.091512804,0,0.038664088,-0.09446774,-0.994776826,0,0.662814693,0.747417026,-0.045215842,0,-6.591987277,4.582149903,6.479508575,1
0.749670977,-0.6570677,0.079091489,0,0.034565839,-0.080470507,-0.996157468,0,0.660907429,0.749524206,-0.037614307,0,-6.598888969,4.648278246,6.473628648,1
0.73795966,-0.668616416,0.091474741,0,0.042012087,-0.089769117,-0.995076123,0,0.673535837,0.738169082,-0.038156016,0,-6.57654677,4.79101652,6.389646629,1
0.739427823,-0.663696142,0.112933281,0,0.059165279,-0.103036389,-0.992916397,0,0.67063102,0.740871739,-0.036920205,0,-6.407330528,4.605857517,6.215788555,1
0.738653495,-0.66722164,0.095949456,0,0.047003129,-0.091012819,-0.994739852,0,0.672444586,0.739277992,-0.035865432,0,-6.498408219,4.7279654,6.324658745,1
0.740950109,-0.666194777,0.084719865,0,0.038913712,-0.083350328,-0.995760235,0,0.670431696,0.741105419,-0.035834323,0,-6.526571786,4.744470612,6.408843882,1
0.733207744,-0.670586735,0.112782242,0,0.06335238,-0.09777079,-0.99319049,0,0.677047177,0.735359982,-0.029203034,0,-6.347726081,4.723296353,6.10988588,1
0.730483171,-0.676951619,0.090171182,0,0.039196027,-0.090259789,-0.995146643,0,0.681804964,0.730472228,-0.039399443,0,-6.554345331,4.87680515,6.410323704,1
0.734298831,-0.672483384,0.09258145,0,0.03831867,-0.095104427,-0.994729525,0,0.677743983,0.733976325,-0.044066401,0,-6.526295301,4.745183007,6.459850317,1
0.724823845,-0.68141448,0.101512072,0,0.051087408,-0.093778753,-0.99428146,0,0.68703746,0.725864899,-0.033161376,0,-6.443636933,4.914592516,6.248246839,1
0.725687434,-0.677392628,0.120486414,0,0.064515887,-0.107351762,-0.992125647,0,0.684993028,0.727746403,-0.034201239,0,-6.301668951,4.739321218,6.123275544,1
0.732198961,-0.673262148,0.102969709,0,0.052005159,-0.095477227,-0.994072212,0,0.679102455,0.733213597,-0.034895221,0,-6.366957347,4.717193412,6.265496541,1
0.718269993,-0.686886864,0.110791033,0,0.054283797,-0.103426366,-0.993154699,0,0.693643631,0.719367377,-0.037001228,0,-6.395662098,4.928700315,6.229205093,1
0.715832522,-0.688045399,0.119068589,0,0.067598782,-0.101434125,-0.992542958,0,0.694992234,0.71854342,-0.026098815,0,-6.271907572,4.943099346,6.027018664,1
0.71511239,-0.690618232,0.107984848,0,0.058492598,-0.094819126,-0.993774597,0,0.696557884,0.716976842,-0.027410277,0,-6.335540348,5.014207414,6.124699037,1
0.716451632,-0.692152729,0.087302112,0,0.033473135,-0.09088999,-0.995298226,0,0.696833271,0.716005314,-0.041949759,0,-6.528197687,5.056788586,6.466947438,1
0.722601777,-0.684132809,0.099040254,0,0.046508448,-0.094834135,-0.99440608,0,0.689698221,0.723165808,-0.036709359,0,-6.376020886,4.846239442,6.30938532,1
0.717432803,-0.690347266,0.093331806,0,0.041486625,-0.091398349,-0.994949849,0,0.695391281,0.71768168,-0.036931996,0,-6.419786491,4.988134315,6.34907524,1
0.716054033,-0.693541788,0.079160662,0,0.028154281,-0.084616788,-0.996015731,0,0.697476852,0.715429792,-0.041064022,0,-6.524630212,5.080104816,6.513210664,1
0.712020459,-0.695241159,0.098318852,0,0.038367794,-0.101291124,-0.994116704,0,0.701109676,0.711603709,-0.045446483,0,-6.442276285,5.001346574,6.424705642,1
0.700915649,-0.704375839,0.112124626,0,0.053207941,-0.105127569,-0.993034294,0,0.711256753,0.701999197,-0.03620717,0,-6.343692499,5.153933761,6.197298527,1
0.701857212,-0.703469947,0.111921794,0,0.053421938,-0.104697307,-0.993068261,0,0.710311587,0.7029712,-0.035901832,0,-6.322011022,5.114110066,6.193491221,1
0.701608163,-0.703862404,0.111012168,0,0.050375375,-0.106407699,-0.99304568,0,0.710780069,0.702321235,-0.039199178,0,-6.335852601,5.104346662,6.237571457,1
0.693736989,-0.708991144,0.126730218,0,0.071592511,-0.107203631,-0.991656137,0,0.716661358,0.697021477,-0.023612667,0,-6.167464525,5.194658463,5.922982908,1
0.702647183,-0.702875314,0.110694299,0,0.057096676,-0.099371968,-0.993410883,0,0.709243897,0.704337635,-0.029691589,0,-6.239973942,5.097485012,6.116239891,1
0.690945605,-0.713553114,0.115914296,0,0.054616906,-0.108359713,-0.992610279,0,0.720840595,0.69217059,-0.035898604,0,-6.295361845,5.249335368,6.15578956,1
0.701270879,-0.704524099,0.108926345,0,0.051481845,-0.102347688,-0.993415608,0,0.711033595,0.702261166,-0.035503253,0,-6.26323778,5.085622742,6.198951683,1
